base:
  n_train: 32768
  n_test: 8192
  context_dim: 32
  target_dim: 1
  r_star: 16
  K: 32
  d: 16
  overlap: 0.0
  sigma_z: 0.10
  sigma_y: 0.10
  target_strength_slope: 1.22
sweep:
  alpha: [0.08106, 0.30584, 0.41554, 0.48241, 0.53289, 0.57427, 0.60973, 0.64099, 0.66908, 0.69469, 0.71830, 0.74023, 0.76077, 0.78010, 0.79838, 0.81574, 0.83229, 0.84812, 0.86329, 0.87786, 0.89190, 0.90545, 0.91854, 0.93121, 0.94350, 0.95543, 0.96702, 0.97830, 0.98929, 1.0]
  seed: [0, 1, 2, 3, 4, 5, 6, 7, 8, 9]
